Years	League	Division	PutOuts	Assists	Errors	PAtBat	PAvg	PHRrate	PBBrate	PRBIrate	PRunsRate	AtBat	Avg	HRrate	BBrate	RBIrate	RunsRate	LogSalary	NewLeague
1	A	E	446	33	20	0	*	*	*	*	*	293	0.2253	0.0034	0.0478	0.0990	0.1024	*	A
14	N	W	632	43	10	3134	0.2406	0.0198	0.1072	0.1200	0.0948	315	0.2571	0.0222	0.1238	0.1206	0.0762	6.1633	N
3	A	W	880	82	14	1145	0.2856	0.0393	0.1633	0.1694	0.1380	479	0.2714	0.0376	0.1587	0.1503	0.1378	6.1738	A
11	N	E	200	11	3	5132	0.2794	0.0399	0.0618	0.1481	0.1487	496	0.2843	0.0403	0.0746	0.1573	0.1310	6.2146	N
2	N	E	805	40	4	75	0.1867	0.0267	0.0400	0.0533	0.1200	321	0.2710	0.0312	0.0935	0.1308	0.1215	4.5163	N
11	A	W	282	421	25	3814	0.2528	0.0039	0.0417	0.0747	0.1120	594	0.2845	0.0067	0.0589	0.0859	0.1246	6.6201	A
2	N	E	76	127	7	29	0.1724	0.0000	0.1034	0.0345	0.2414	185	0.2000	0.0054	0.1135	0.0432	0.1243	4.2485	A
3	A	W	121	283	9	211	0.1659	0.0000	0.0237	0.0616	0.0806	298	0.2450	0.0000	0.0235	0.0805	0.0805	4.6052	A
2	N	W	143	290	19	18	0.2778	0.0000	0.0000	0.1111	0.3333	323	0.2508	0.0186	0.0248	0.0991	0.0805	4.3175	N
13	A	E	0	0	0	4805	0.2581	0.0491	0.1667	0.1715	0.1530	401	0.2294	0.0424	0.1621	0.1646	0.1222	7.0031	A
10	A	E	238	445	22	4057	0.2812	0.0170	0.1057	0.1057	0.1467	574	0.2770	0.0366	0.1028	0.1307	0.1864	6.2483	A
9	N	W	304	45	11	1674	0.2473	0.0066	0.0800	0.0956	0.0962	202	0.2624	0.0198	0.1337	0.1287	0.1535	6.2393	N
4	N	E	211	11	7	1094	0.2550	0.0256	0.1426	0.1307	0.1435	418	0.2703	0.0311	0.1124	0.1459	0.1148	6.3099	N
6	A	E	121	151	6	1702	0.2644	0.0024	0.1087	0.0541	0.1639	239	0.2510	0.0000	0.0921	0.0460	0.1255	6.5511	A
13	N	E	80	45	8	3035	0.2577	0.0096	0.0685	0.0867	0.1143	196	0.2194	0.0357	0.1531	0.1378	0.1480	5.4806	N
3	A	W	118	0	0	18	0.1667	0.0000	0.0000	0.0556	0.0000	183	0.2131	0.0164	0.0601	0.0820	0.1093	*	A
15	N	W	105	290	10	7500	0.2820	0.0209	0.0879	0.1224	0.1275	568	0.2782	0.0352	0.1285	0.1320	0.1567	6.6529	N
5	A	W	102	177	16	289	0.1938	0.0104	0.0830	0.0519	0.1419	190	0.2421	0.0105	0.0789	0.0421	0.1263	5.1648	A
12	A	W	912	88	9	4826	0.2847	0.0195	0.1218	0.1274	0.1214	407	0.2555	0.0147	0.1597	0.1057	0.1400	*	A
8	N	W	202	22	2	600	0.2467	0.0267	0.0700	0.1000	0.0850	127	0.2520	0.0630	0.1102	0.1732	0.1260	4.9053	N
1	N	E	280	9	5	0	*	*	*	*	*	413	0.2228	0.0387	0.1574	0.1162	0.1743	4.6052	N
1	A	W	361	22	2	0	*	*	*	*	*	426	0.2559	0.0070	0.1455	0.1009	0.1291	4.7449	N
6	A	W	812	84	11	62	0.2581	0.0161	0.0323	0.1129	0.0806	22	0.4545	0.0455	0.0455	0.0909	0.1818	*	A
6	N	W	518	55	3	1452	0.2569	0.0351	0.1143	0.1302	0.1253	472	0.2458	0.0339	0.1568	0.1314	0.1271	6.3969	N
18	A	E	1067	157	14	7795	0.2945	0.0187	0.0464	0.1244	0.1199	629	0.2671	0.0286	0.0636	0.1622	0.1161	6.6550	A
6	A	E	434	9	3	2108	0.2770	0.0062	0.1172	0.0697	0.1660	587	0.2777	0.0068	0.1193	0.0869	0.1567	6.6399	A
7	N	E	222	3	3	1607	0.2601	0.0056	0.0983	0.0560	0.1612	324	0.2253	0.0123	0.0679	0.0556	0.0988	6.5629	N
10	N	W	732	83	13	1857	0.2558	0.0275	0.0679	0.1459	0.1055	474	0.2722	0.0211	0.0844	0.1181	0.1055	6.6201	N
5	N	W	262	329	16	1758	0.2736	0.0148	0.1291	0.0825	0.1462	550	0.2764	0.0109	0.1473	0.0673	0.1673	6.4378	N
14	A	W	267	5	3	4688	0.2656	0.0311	0.1480	0.1363	0.1436	513	0.2671	0.0390	0.1754	0.1852	0.1754	6.8024	A
17	A	W	127	221	7	6577	0.2659	0.0327	0.1593	0.1268	0.1507	313	0.2684	0.0288	0.1246	0.0958	0.1342	*	A
3	N	W	226	7	4	172	0.2384	0.0116	0.0523	0.0581	0.1453	419	0.2578	0.0143	0.0525	0.0859	0.1313	4.7005	N
9	N	W	1378	102	8	3054	0.2793	0.0616	0.0933	0.1850	0.1555	517	0.2727	0.0522	0.1006	0.1683	0.1354	*	N
5	A	E	109	292	25	1063	0.2672	0.0254	0.0753	0.1204	0.1279	583	0.2882	0.0292	0.0961	0.1372	0.1424	6.4175	A
7	A	W	419	46	5	1105	0.2344	0.0190	0.0489	0.0968	0.0932	204	0.2402	0.0294	0.0588	0.1225	0.1127	5.7038	A
14	N	W	72	170	24	5828	0.3089	0.0233	0.0928	0.1275	0.1409	379	0.2797	0.0264	0.0792	0.1583	0.1003	6.7452	N
4	A	E	70	149	12	892	0.2332	0.0034	0.1009	0.0852	0.1536	161	0.2236	0.0000	0.1056	0.0621	0.1180	*	A
2	N	W	442	59	6	82	0.2195	0.0000	0.0366	0.0488	0.1220	268	0.2239	0.0187	0.0560	0.0933	0.0896	4.4998	N
16	A	E	0	0	0	5567	0.2725	0.0413	0.0952	0.1523	0.1353	346	0.2832	0.0145	0.0867	0.1532	0.0896	*	A
1	N	W	166	172	10	0	*	*	*	*	*	241	0.2531	0.0041	0.0581	0.0498	0.1411	*	N
2	A	E	326	29	5	51	0.1765	0.0588	0.2353	0.1569	0.0980	181	0.2265	0.0055	0.1823	0.1160	0.0829	4.2121	A
18	N	W	103	84	5	7102	0.2636	0.0065	0.0659	0.0858	0.1091	216	0.2500	0.0000	0.0694	0.0833	0.0972	*	N
9	N	W	69	1	1	2316	0.2707	0.0173	0.0782	0.0933	0.1503	200	0.2850	0.0300	0.0700	0.0700	0.1150	*	N
4	A	E	307	25	1	477	0.2390	0.0524	0.0482	0.1195	0.1132	217	0.2120	0.0323	0.0415	0.0876	0.1475	5.1930	A
11	A	E	325	22	2	3989	0.2580	0.0143	0.1449	0.1163	0.1171	194	0.2062	0.0361	0.1546	0.1495	0.0979	*	A
6	A	E	359	30	4	745	0.2255	0.0255	0.1289	0.1221	0.1074	254	0.2677	0.0079	0.0866	0.1024	0.1102	5.7203	A
3	N	W	73	177	18	516	0.2733	0.0329	0.0911	0.1395	0.1085	416	0.3173	0.0168	0.0793	0.1178	0.1370	5.3706	N
5	A	E	58	4	4	551	0.2450	0.0436	0.0762	0.1361	0.1506	205	0.2780	0.0390	0.0439	0.1561	0.1659	5.5114	A
16	A	E	697	61	9	6557	0.3035	0.0340	0.0595	0.1546	0.1435	542	0.2583	0.0221	0.0756	0.1384	0.0849	*	A
6	N	W	303	9	9	2122	0.2681	0.0302	0.0966	0.1282	0.1324	526	0.2776	0.0247	0.1597	0.1331	0.1350	6.7032	N
17	A	W	389	39	4	6064	0.2747	0.0440	0.0984	0.1507	0.1585	457	0.2210	0.0306	0.0481	0.1379	0.0919	6.7742	A
2	N	E	109	7	3	12	0.5000	0.0000	0.3333	0.2500	0.1667	214	0.2477	0.0093	0.1075	0.1355	0.1402	4.2485	N
4	A	E	0	0	0	22	0.2727	0.0455	0.1364	0.0909	0.0909	19	0.3684	0.0000	0.0526	0.1053	0.0526	*	A
9	A	W	67	147	4	3887	0.2930	0.0242	0.0720	0.1263	0.1425	591	0.2843	0.0321	0.0660	0.1218	0.1354	7.0901	A
12	A	E	316	6	5	4747	0.2798	0.0324	0.1026	0.1291	0.1479	403	0.2506	0.0298	0.0968	0.1315	0.1117	6.5147	A
6	N	W	161	10	3	545	0.2367	0.0202	0.0807	0.0972	0.0917	405	0.2519	0.0444	0.0494	0.2099	0.1210	6.0283	N
4	N	W	142	14	2	1091	0.2521	0.0367	0.1457	0.1412	0.1247	244	0.2377	0.0369	0.1434	0.1025	0.1148	5.8289	N
14	A	E	425	43	4	3691	0.2623	0.0087	0.0845	0.0981	0.1130	235	0.2596	0.0128	0.0894	0.1660	0.1021	*	A
12	N	W	106	206	7	3429	0.2596	0.0085	0.0461	0.0817	0.1099	313	0.2492	0.0192	0.0383	0.1310	0.1022	6.0323	N
6	A	E	240	482	13	2583	0.2904	0.0418	0.0941	0.1514	0.1669	627	0.2823	0.0399	0.1116	0.1292	0.1563	7.2079	A
1	A	E	203	70	10	0	*	*	*	*	*	416	0.2716	0.0577	0.0385	0.1659	0.1394	4.4998	A
16	N	E	53	88	3	6476	0.2455	0.0142	0.1177	0.0985	0.1045	155	0.2839	0.0387	0.0968	0.1484	0.1355	5.6168	N
4	A	W	125	199	13	879	0.2435	0.0011	0.0523	0.0557	0.1013	236	0.2373	0.0000	0.0466	0.0636	0.1144	5.4381	A
4	N	W	73	152	11	710	0.2211	0.0113	0.1296	0.0761	0.1225	216	0.2454	0.0046	0.1019	0.0694	0.1435	5.4161	N
3	A	W	80	4	0	135	0.1852	0.0000	0.0519	0.0889	0.1407	24	0.1250	0.0000	0.0833	0.0000	0.0417	*	A
17	A	E	0	0	0	6961	0.2648	0.0408	0.0955	0.1559	0.1506	585	0.2376	0.0530	0.1060	0.1607	0.1590	6.8565	A
4	N	E	391	38	8	582	0.2165	0.0206	0.0653	0.0979	0.0842	191	0.1937	0.0209	0.0733	0.0890	0.0628	*	N
3	A	W	152	3	5	315	0.2127	0.0095	0.0571	0.0571	0.0889	199	0.2663	0.0251	0.1055	0.1106	0.1457	4.3175	A
4	A	E	107	242	23	294	0.2143	0.0068	0.1122	0.0578	0.1088	521	0.2726	0.0384	0.0864	0.1651	0.1286	4.6540	A
12	A	E	211	2	1	4065	0.2750	0.0076	0.0930	0.0780	0.1397	419	0.2697	0.0024	0.1050	0.0644	0.1050	*	A
17	N	W	153	223	10	7936	0.2668	0.0122	0.0837	0.1108	0.1144	311	0.2605	0.0096	0.0836	0.0965	0.1350	5.7683	N
3	N	E	244	21	4	106	0.2075	0.0377	0.1604	0.1038	0.1415	138	0.2246	0.0580	0.2754	0.1522	0.1304	*	N
14	A	W	119	216	12	4835	0.2618	0.0403	0.1026	0.1487	0.1330	512	0.2559	0.0508	0.1016	0.1875	0.1348	6.7452	A
18	A	E	808	108	2	7254	0.2516	0.0438	0.1777	0.1471	0.1512	507	0.2406	0.0572	0.1795	0.1677	0.1538	6.2823	A
15	A	E	280	10	5	6132	0.2688	0.0432	0.1455	0.1389	0.1624	529	0.2590	0.0491	0.1834	0.1834	0.1626	6.8388	A
9	A	E	224	286	8	3227	0.2873	0.0081	0.0307	0.0790	0.1252	424	0.2807	0.0142	0.0307	0.1085	0.1344	6.7452	N
4	N	W	226	7	3	907	0.2822	0.0132	0.0860	0.0893	0.1555	351	0.2764	0.0114	0.1111	0.0826	0.1567	5.3471	A
8	N	E	83	2	1	1118	0.2531	0.0179	0.1100	0.1038	0.1073	195	0.2821	0.0256	0.1538	0.1692	0.1231	*	N
6	A	W	182	9	4	1786	0.2531	0.0364	0.0823	0.1271	0.1265	388	0.2655	0.0387	0.1005	0.1211	0.1521	5.7838	A
4	A	W	104	213	9	725	0.2676	0.0097	0.0441	0.1090	0.1186	339	0.2832	0.0118	0.0678	0.0855	0.1091	5.6168	A
16	A	W	463	32	8	6116	0.2382	0.0665	0.0940	0.1825	0.1359	561	0.2103	0.0624	0.0588	0.1676	0.1248	*	A
15	N	E	51	54	8	6056	0.2627	0.0243	0.1283	0.0946	0.1602	255	0.2745	0.0275	0.1686	0.1373	0.1922	6.1092	N
5	A	E	1377	100	6	1546	0.3228	0.0401	0.0763	0.1863	0.1501	677	0.3516	0.0458	0.0783	0.1669	0.1728	7.5883	A
5	A	W	92	2	2	1098	0.2532	0.0337	0.0501	0.1257	0.1211	227	0.2026	0.0308	0.0529	0.0881	0.1013	*	A
11	N	W	303	6	6	4403	0.2782	0.0538	0.1231	0.1678	0.1644	614	0.2655	0.0472	0.1221	0.1352	0.1450	7.5496	N
9	A	W	276	6	2	3499	0.2472	0.0389	0.1655	0.1398	0.1500	329	0.2523	0.0274	0.1702	0.1185	0.1520	6.3969	A
14	N	W	278	9	9	6090	0.3038	0.0355	0.0721	0.1604	0.1460	637	0.2732	0.0487	0.0879	0.1821	0.1397	6.9486	N
2	A	E	148	4	2	148	0.2095	0.0608	0.1081	0.1689	0.1149	280	0.2929	0.0571	0.1679	0.1607	0.1571	4.7005	A
16	A	W	165	9	1	5254	0.2469	0.0322	0.1624	0.1477	0.1380	155	0.2645	0.0774	0.1419	0.1871	0.1355	5.5607	A
4	A	W	246	389	18	892	0.2063	0.0168	0.0830	0.0740	0.1043	458	0.2489	0.0284	0.1048	0.1245	0.1463	6.1633	A
5	A	W	533	40	4	1143	0.2817	0.0131	0.0525	0.0989	0.1024	314	0.2643	0.0414	0.0510	0.1465	0.1242	6.0673	A
4	N	E	226	10	6	1335	0.2607	0.0607	0.1461	0.1873	0.1618	475	0.2589	0.0568	0.1516	0.1958	0.1600	7.1066	N
1	A	E	45	122	26	0	*	*	*	*	*	317	0.2461	0.0221	0.1009	0.1104	0.1104	4.2485	A
3	A	W	157	7	8	81	0.3210	0.0370	0.1235	0.1728	0.1358	511	0.2701	0.0489	0.1194	0.1879	0.1487	4.9767	A
8	N	W	142	210	10	1801	0.2754	0.0161	0.0738	0.0949	0.1299	278	0.2482	0.0108	0.1043	0.0755	0.0863	*	N
12	N	W	59	156	9	1751	0.2713	0.0160	0.1091	0.1348	0.1331	382	0.3115	0.0340	0.0942	0.1518	0.1414	6.3886	N
14	A	E	292	9	5	6722	0.2879	0.0418	0.1062	0.1681	0.1555	565	0.2619	0.0425	0.1363	0.1841	0.1593	7.5291	A
15	N	W	360	32	5	5675	0.2777	0.0102	0.0432	0.0999	0.1279	277	0.2563	0.0072	0.0505	0.1047	0.0975	*	N
3	N	W	274	2	7	296	0.2331	0.0608	0.1047	0.1622	0.1993	415	0.2771	0.0651	0.1639	0.1711	0.2337	5.7038	N
7	N	W	292	6	3	1706	0.2544	0.0135	0.1301	0.0744	0.1553	424	0.2594	0.0354	0.0849	0.1108	0.1651	6.1944	N
10	A	E	1045	88	13	5129	0.2979	0.0503	0.1230	0.1815	0.1605	495	0.3051	0.0343	0.1576	0.1697	0.1232	7.8079	A
2	A	E	212	327	20	448	0.2857	0.0112	0.0804	0.1004	0.1205	524	0.2519	0.0172	0.1031	0.0897	0.1317	*	A
8	A	E	102	132	10	1117	0.2569	0.0045	0.0788	0.0886	0.1119	233	0.2103	0.0086	0.0773	0.0987	0.1760	5.9269	A
10	A	E	709	41	7	1908	0.2437	0.0367	0.1116	0.1399	0.1143	395	0.2684	0.0405	0.0886	0.1418	0.1215	*	A
13	A	E	244	2	4	5192	0.2924	0.0420	0.1277	0.1654	0.1616	397	0.2872	0.0579	0.1335	0.1688	0.1688	*	A
6	A	E	40	115	15	784	0.2640	0.0357	0.0485	0.1212	0.1173	210	0.1762	0.0381	0.0714	0.0905	0.0714	*	A
3	N	W	206	10	7	226	0.1947	0.0354	0.1062	0.0841	0.0973	420	0.2262	0.0548	0.0881	0.1381	0.1310	*	N
14	A	W	316	439	10	5534	0.2582	0.0197	0.0464	0.1100	0.1205	566	0.2721	0.0389	0.0760	0.1484	0.1343	6.6201	A
5	A	E	269	17	10	1488	0.2769	0.0410	0.0511	0.1418	0.1317	641	0.3089	0.0484	0.0640	0.1685	0.1576	7.0690	A
1	A	E	116	5	12	0	*	*	*	*	*	215	0.2372	0.0186	0.0512	0.0837	0.0884	4.2485	A
14	A	W	97	218	16	6234	0.3155	0.0310	0.0987	0.1567	0.1607	441	0.2902	0.0363	0.1814	0.1655	0.1587	7.3132	A
5	N	W	726	87	3	1181	0.2329	0.0466	0.1499	0.1414	0.1372	325	0.2338	0.0492	0.1138	0.1600	0.1015	5.9532	A
13	N	E	869	62	8	5573	0.2729	0.0443	0.1109	0.1604	0.1374	490	0.2551	0.0490	0.1265	0.2143	0.1653	7.5630	N
3	N	W	1253	111	11	411	0.2628	0.0535	0.0754	0.1752	0.1387	574	0.2648	0.0540	0.1115	0.1760	0.1585	5.3706	N
18	N	E	96	4	4	6739	0.2762	0.0496	0.0953	0.1776	0.1419	284	0.2254	0.0493	0.0845	0.1479	0.1056	*	N
6	A	W	118	334	21	2266	0.2458	0.0322	0.0759	0.1293	0.1192	596	0.2869	0.0570	0.0872	0.1812	0.1527	6.8024	A
4	A	W	228	377	26	321	0.2150	0.0062	0.0623	0.0810	0.1215	472	0.2500	0.0254	0.0636	0.1144	0.1335	5.0434	A
16	A	W	144	6	5	6557	0.2795	0.0374	0.0793	0.1556	0.1327	283	0.2721	0.0495	0.0919	0.1661	0.1590	6.5511	A
9	N	W	282	487	19	3165	0.2439	0.0174	0.1087	0.1039	0.1223	408	0.2304	0.0098	0.1618	0.0882	0.1029	6.2823	N
8	A	E	91	185	12	1813	0.2664	0.0072	0.0403	0.0905	0.1026	327	0.2599	0.0092	0.0612	0.1346	0.0917	5.8930	A
15	N	E	137	5	9	6616	0.2836	0.0317	0.1301	0.1374	0.1543	370	0.2595	0.0568	0.1622	0.1243	0.1324	6.5976	N
20	N	W	83	174	16	8362	0.2505	0.0440	0.1215	0.1449	0.1359	354	0.2175	0.0452	0.1158	0.1554	0.1017	5.2983	N
5	A	W	462	9	7	930	0.2473	0.0075	0.1387	0.0731	0.1656	539	0.2579	0.0093	0.1280	0.1076	0.1725	5.9915	A
5	N	E	185	8	4	1176	0.2483	0.0264	0.1463	0.0918	0.1888	340	0.2471	0.0324	0.1382	0.0971	0.1824	5.9915	A
11	N	W	207	358	20	5052	0.2874	0.0083	0.0437	0.0940	0.1308	510	0.2471	0.0039	0.0686	0.0863	0.0824	6.6033	N
13	A	W	0	0	0	4362	0.2274	0.0578	0.1465	0.1710	0.1458	315	0.1873	0.0508	0.1841	0.1143	0.1429	*	A
5	A	W	670	57	5	1367	0.2743	0.0439	0.0797	0.1675	0.1273	282	0.2766	0.0461	0.1028	0.1809	0.1312	6.2146	A
8	A	W	237	8	1	2738	0.2849	0.0318	0.0763	0.1344	0.1424	380	0.3158	0.0132	0.0816	0.1342	0.1421	6.3969	A
5	N	E	331	20	4	1774	0.2694	0.0242	0.0519	0.1308	0.1099	584	0.2705	0.0257	0.0719	0.1438	0.1199	6.4960	N
7	A	W	295	15	5	3184	0.2852	0.0374	0.0707	0.1573	0.1319	570	0.2965	0.0368	0.0667	0.1544	0.1263	6.8565	A
7	N	E	116	222	15	2648	0.2711	0.0155	0.0612	0.1205	0.0993	306	0.3399	0.0458	0.0817	0.1895	0.1634	6.6201	N
5	N	E	50	136	20	965	0.2539	0.0311	0.1005	0.1192	0.1192	220	0.2455	0.0455	0.1409	0.1773	0.1364	5.6954	N
18	A	W	0	0	0	6908	0.2911	0.0265	0.0905	0.1521	0.1322	278	0.2518	0.0252	0.0647	0.1331	0.0791	5.7838	A
4	A	W	278	415	16	173	0.1734	0.0000	0.1098	0.0405	0.1503	445	0.2225	0.0022	0.0652	0.0539	0.1034	4.4716	A
9	N	W	138	15	1	496	0.2258	0.0222	0.0927	0.1351	0.1250	143	0.2727	0.0350	0.1049	0.2098	0.1259	5.1648	N
3	N	E	97	2	2	339	0.2507	0.0088	0.0855	0.0767	0.1032	185	0.2162	0.0216	0.0973	0.0595	0.1243	4.4998	N
6	A	E	368	20	3	1736	0.2673	0.0507	0.0974	0.1544	0.1521	589	0.2886	0.0679	0.1171	0.1834	0.1817	7.1208	A
15	A	E	211	56	13	3995	0.2728	0.0160	0.0713	0.0964	0.1334	343	0.3003	0.0175	0.1166	0.1050	0.1399	6.0638	A
5	A	E	122	140	5	1123	0.2600	0.0045	0.0766	0.0712	0.0944	284	0.2430	0.0035	0.0880	0.0634	0.1162	*	N
2	A	W	276	7	9	2	0.0000	0.0000	0.0000	0.0000	1.0000	438	0.2352	0.0046	0.1621	0.0731	0.1484	4.6052	N
2	A	W	319	4	14	96	0.3021	0.0521	0.0417	0.1354	0.1667	600	0.2400	0.0550	0.1083	0.1950	0.1417	5.1059	A
4	A	E	241	8	6	784	0.2602	0.0357	0.0459	0.1288	0.1301	663	0.3017	0.0437	0.0483	0.1825	0.1629	5.5215	A
12	N	E	623	35	3	4173	0.2775	0.0443	0.1390	0.1634	0.1601	232	0.2371	0.0388	0.1940	0.0991	0.1466	7.1701	N
17	N	W	237	5	4	6993	0.2880	0.0204	0.1143	0.1373	0.1333	479	0.2777	0.0209	0.1148	0.1503	0.1002	6.6507	N
10	A	W	132	205	5	3650	0.2386	0.0063	0.1195	0.0712	0.1422	209	0.2153	0.0000	0.2010	0.0909	0.1818	*	A
6	N	E	885	105	8	2113	0.2551	0.0360	0.0876	0.1462	0.1003	528	0.2500	0.0398	0.0777	0.1402	0.1155	6.9161	N
14	A	E	33	3	0	1968	0.2561	0.0244	0.1402	0.1204	0.1453	160	0.2437	0.0500	0.1375	0.1938	0.1125	5.6168	A
5	A	E	231	374	18	1883	0.2825	0.0090	0.0669	0.1338	0.1328	599	0.3055	0.0167	0.0534	0.1235	0.1336	6.6529	A
11	A	E	304	347	10	3374	0.2756	0.0098	0.0637	0.0975	0.1162	497	0.2736	0.0141	0.0523	0.0765	0.1167	6.7452	A
15	A	E	0	0	0	3830	0.2768	0.0219	0.1366	0.1073	0.1337	210	0.3333	0.0619	0.1333	0.2429	0.1524	5.8999	A
11	A	W	132	9	0	1343	0.2584	0.0149	0.1720	0.1184	0.1266	225	0.2711	0.0222	0.1156	0.1156	0.1422	*	A
2	A	W	28	56	2	137	0.1971	0.0365	0.1168	0.1314	0.1387	151	0.2715	0.0265	0.1258	0.1391	0.1722	4.5539	A
1	N	W	102	4	2	0	*	*	*	*	*	278	0.3094	0.0144	0.1619	0.1367	0.1187	4.7005	N
10	N	W	158	4	5	2623	0.2718	0.0286	0.0766	0.1472	0.1262	341	0.2786	0.0176	0.0587	0.1232	0.1408	4.6052	N
10	N	E	92	257	20	2207	0.2642	0.0335	0.0575	0.1192	0.1106	537	0.2737	0.0428	0.0875	0.1639	0.1080	5.6258	N
5	A	W	211	9	3	271	0.2399	0.0037	0.0738	0.0517	0.1218	399	0.2556	0.0075	0.0852	0.0852	0.1404	4.3820	A
13	N	E	161	3	3	4309	0.2868	0.0121	0.0951	0.1137	0.1344	309	0.3042	0.0162	0.0841	0.1036	0.1197	6.3969	N
4	N	E	193	11	4	475	0.2905	0.0000	0.0568	0.0526	0.1389	401	0.2494	0.0050	0.0698	0.0474	0.1496	*	N
15	A	W	0	0	0	5443	0.2787	0.0219	0.0871	0.1277	0.1277	336	0.2768	0.0268	0.0685	0.1369	0.1042	*	A
3	A	W	110	308	15	821	0.2607	0.0463	0.0609	0.1462	0.1194	616	0.2646	0.0438	0.0519	0.1737	0.1347	5.2983	A
12	A	W	260	58	4	969	0.2466	0.0155	0.0475	0.1022	0.0784	219	0.2146	0.0365	0.0776	0.1187	0.1096	*	A
6	N	E	280	479	5	2474	0.2854	0.0101	0.0647	0.1047	0.1209	579	0.3005	0.0121	0.1002	0.1347	0.1157	6.4877	N
3	A	W	332	19	2	31	0.1613	0.0000	0.0645	0.0323	0.1613	165	0.2364	0.0121	0.0970	0.0545	0.0788	4.3175	N
13	A	E	330	16	8	6509	0.3016	0.0509	0.0771	0.1811	0.1546	618	0.3236	0.0324	0.1003	0.1780	0.1586	7.7884	A
14	N	W	87	166	14	3653	0.2499	0.0077	0.0958	0.0816	0.1333	257	0.2568	0.0195	0.1245	0.1012	0.1206	5.5215	A
3	N	E	498	39	13	315	0.2381	0.0349	0.0952	0.1079	0.1048	315	0.2413	0.0413	0.0794	0.1905	0.1111	5.0434	N
4	N	E	290	440	25	1429	0.2687	0.0252	0.0455	0.1036	0.1540	591	0.2657	0.0271	0.0440	0.1320	0.1523	6.4615	N
6	A	E	222	5	5	950	0.2453	0.0200	0.0474	0.0905	0.1411	404	0.2277	0.0272	0.0446	0.1213	0.1337	5.7038	A
4	A	W	227	15	3	135	0.2593	0.0074	0.0889	0.0667	0.1111	315	0.2317	0.0159	0.0508	0.1175	0.0730	4.7005	A
4	N	E	103	8	2	453	0.3091	0.0088	0.0530	0.0640	0.1435	249	0.2771	0.0241	0.0803	0.0763	0.1285	*	N
13	A	W	686	46	4	5161	0.2531	0.0138	0.1137	0.1040	0.1040	429	0.2121	0.0280	0.1329	0.0979	0.0956	6.7154	N
2	A	E	243	23	5	21	0.2381	0.0000	0.0952	0.0952	0.1429	212	0.2547	0.0613	0.0849	0.2075	0.1321	*	A
3	N	W	249	444	16	495	0.2364	0.0061	0.0606	0.0586	0.1010	453	0.2230	0.0066	0.1347	0.0949	0.1015	5.2730	N
3	A	W	300	12	2	546	0.2491	0.0311	0.0989	0.1337	0.1099	161	0.2671	0.0248	0.1366	0.1615	0.1056	*	A
11	N	W	49	2	0	3143	0.2682	0.0220	0.0910	0.1126	0.1269	184	0.2554	0.0272	0.0978	0.1522	0.1087	6.1092	N
5	N	W	303	12	5	1098	0.2532	0.0182	0.0401	0.1056	0.1239	591	0.3113	0.0338	0.0643	0.1337	0.1404	6.4457	N
1	N	W	88	0	3	0	*	*	*	*	*	181	0.3204	0.0331	0.1215	0.1271	0.1878	4.4601	N
8	A	E	190	2	2	2282	0.2770	0.0429	0.1056	0.1464	0.1529	441	0.2676	0.0635	0.1542	0.1950	0.1905	7.1701	A
14	A	E	96	5	3	5636	0.2997	0.0177	0.1002	0.1152	0.1622	490	0.3061	0.0429	0.0714	0.1184	0.1408	6.9078	N
13	N	E	1199	149	5	5539	0.3013	0.0208	0.1486	0.1475	0.1580	551	0.3103	0.0236	0.1706	0.1506	0.1706	7.4955	N
6	A	W	1218	104	10	2266	0.2948	0.0388	0.1094	0.1690	0.1412	550	0.2673	0.0527	0.1291	0.1655	0.1545	7.1778	A
10	N	W	145	5	7	3636	0.2717	0.0223	0.0718	0.1174	0.1295	283	0.2615	0.0141	0.0777	0.1025	0.1201	6.6033	N
4	N	W	332	9	8	1229	0.2514	0.0317	0.0724	0.1334	0.1172	560	0.2875	0.0464	0.1179	0.1714	0.1589	6.4378	N
2	N	E	145	59	8	14	0.2143	0.0000	0.0000	0.0714	0.0000	328	0.2774	0.0366	0.1006	0.1311	0.1555	4.8283	N
9	N	E	181	13	4	2496	0.2889	0.0284	0.0970	0.1595	0.1166	586	0.2713	0.0205	0.0904	0.1348	0.1229	6.9502	N
10	N	W	65	258	8	2920	0.2856	0.0051	0.1134	0.0873	0.1185	503	0.2704	0.0099	0.1650	0.0954	0.1233	6.5862	N
7	A	W	0	0	0	567	0.2275	0.0705	0.1746	0.1623	0.1429	344	0.2471	0.0698	0.2558	0.1860	0.2006	5.7038	A
3	A	W	429	8	6	1248	0.2917	0.0032	0.0457	0.0841	0.1146	680	0.3279	0.0456	0.0500	0.1412	0.1750	5.8999	A
1	N	W	107	205	16	0	*	*	*	*	*	279	0.2294	0.0000	0.1075	0.0932	0.1111	4.3175	N
7	N	E	1231	80	7	2522	0.2843	0.0381	0.1229	0.1558	0.1467	484	0.2624	0.0413	0.1384	0.1343	0.1364	7.0761	N
2	N	E	283	8	3	236	0.2542	0.0042	0.1271	0.0805	0.1695	431	0.2947	0.0186	0.1346	0.1044	0.1787	5.3107	N
12	A	E	156	2	2	4196	0.2745	0.0205	0.0667	0.1063	0.1249	283	0.2473	0.0283	0.0954	0.1307	0.1166	5.4161	A
15	A	E	239	8	2	3800	0.2892	0.0192	0.0797	0.1008	0.1416	491	0.2872	0.0224	0.0754	0.0957	0.1568	6.2634	A
6	N	W	235	22	5	606	0.2294	0.0347	0.1089	0.1502	0.1436	199	0.2613	0.0452	0.1055	0.1407	0.1307	5.5797	N
7	A	E	371	6	6	2969	0.2624	0.0273	0.0967	0.1297	0.1428	589	0.2530	0.0357	0.1087	0.1460	0.1511	6.6689	A
10	A	E	483	48	6	3946	0.2633	0.0482	0.0750	0.1617	0.1328	327	0.2569	0.0673	0.1162	0.1896	0.1621	6.6846	N
13	A	W	0	0	0	5365	0.2654	0.0339	0.0746	0.1390	0.1254	464	0.2759	0.0603	0.1121	0.2026	0.1444	6.3759	A
1	N	E	64	119	9	0	*	*	*	*	*	166	0.2048	0.0000	0.1024	0.0783	0.1205	*	N
3	A	E	0	0	0	344	0.2703	0.0523	0.0843	0.1512	0.1337	338	0.2722	0.0533	0.0621	0.1775	0.1243	4.9767	A
9	A	W	245	5	9	2640	0.2913	0.0125	0.1061	0.0928	0.1860	508	0.2874	0.0157	0.0906	0.0866	0.1575	*	A
10	A	E	276	421	11	4120	0.2823	0.0177	0.1245	0.1090	0.1527	584	0.2688	0.0342	0.1079	0.1250	0.1627	6.0403	A
1	N	W	317	36	1	0	*	*	*	*	*	216	0.2500	0.0093	0.1528	0.1157	0.1250	4.3175	N
5	A	E	303	450	14	1071	0.2773	0.0075	0.0943	0.0962	0.1139	625	0.2864	0.0064	0.1040	0.0960	0.1504	6.3544	A
4	N	E	107	3	3	610	0.2869	0.0311	0.0803	0.1377	0.1361	243	0.2181	0.0165	0.1111	0.1070	0.0741	*	N
7	A	W	310	9	9	1562	0.2676	0.0275	0.0762	0.1332	0.1428	489	0.2679	0.0389	0.0695	0.1125	0.1575	6.6593	A
2	N	E	201	6	3	7	0.2857	0.0000	0.0000	0.1429	0.2857	209	0.2679	0.0574	0.0909	0.1722	0.1053	4.4998	N
2	N	W	172	317	25	562	0.2438	0.0107	0.0676	0.0694	0.1317	407	0.2285	0.0197	0.0737	0.0737	0.1155	5.0106	N
13	A	E	0	0	0	2910	0.2928	0.0340	0.0866	0.1419	0.1309	490	0.3020	0.0286	0.1000	0.1592	0.1306	6.5511	N
4	N	E	415	35	3	675	0.2222	0.0119	0.0963	0.1022	0.0681	209	0.2823	0.0287	0.1292	0.1770	0.0957	*	N
6	A	E	233	7	7	974	0.2741	0.0298	0.1057	0.1294	0.1458	442	0.2964	0.0407	0.0747	0.1742	0.1538	6.3099	A
8	A	W	220	16	4	2226	0.2817	0.0112	0.0445	0.1069	0.1029	317	0.2776	0.0095	0.0599	0.1009	0.1262	*	A
9	N	E	259	30	10	2527	0.2505	0.0186	0.0641	0.1144	0.1128	288	0.2257	0.0278	0.0938	0.1250	0.1042	6.4770	A
1	A	W	102	6	3	0	*	*	*	*	*	209	0.2584	0.0144	0.0574	0.0670	0.1196	4.2195	A
3	N	E	468	47	6	41	0.1220	0.0000	0.2195	0.1463	0.0488	303	0.2343	0.0099	0.1188	0.0990	0.0594	4.6052	N
6	N	W	149	8	6	1598	0.2747	0.0444	0.0839	0.1471	0.1252	330	0.2333	0.0576	0.0818	0.1606	0.1424	6.5073	N
3	A	E	103	283	19	581	0.2392	0.0448	0.1033	0.1652	0.1360	504	0.2381	0.0556	0.1071	0.1409	0.1409	5.1648	A
3	A	W	358	32	8	380	0.2895	0.0237	0.0474	0.1105	0.1368	258	0.2326	0.0310	0.0698	0.1279	0.1085	4.9200	A
2	N	E	78	220	6	21	0.3810	0.0952	0.1905	0.3333	0.2857	20	0.0500	0.0000	0.0000	0.0000	0.0000	7.6626	N
7	N	W	756	64	15	1594	0.2666	0.0132	0.1418	0.1085	0.0910	374	0.2513	0.0134	0.1658	0.0695	0.0963	6.7742	N
3	A	W	463	32	8	287	0.2544	0.0139	0.1359	0.0697	0.1150	211	0.2038	0.0474	0.1848	0.1659	0.1232	4.7875	A
3	N	E	212	1	2	281	0.3025	0.0071	0.0641	0.0356	0.1174	299	0.2508	0.0201	0.0870	0.0769	0.1271	4.9416	N
4	N	E	325	12	8	246	0.2642	0.0447	0.0894	0.1382	0.1748	576	0.2899	0.0139	0.0990	0.0851	0.1545	5.3471	N
7	N	E	228	7	5	2634	0.2749	0.0118	0.0516	0.0774	0.1481	381	0.2887	0.0236	0.0840	0.1181	0.1601	6.6846	N
4	N	W	203	3	3	1356	0.2448	0.0066	0.0723	0.0612	0.1209	288	0.2639	0.0243	0.0521	0.1285	0.1181	5.4806	N
5	A	E	149	1	6	889	0.2587	0.0506	0.1215	0.1519	0.1552	369	0.2520	0.0244	0.1328	0.1138	0.1165	5.8579	A
4	N	W	512	30	5	1037	0.2411	0.0415	0.1157	0.1514	0.1273	330	0.2303	0.0364	0.1424	0.1242	0.1061	*	N
2	A	W	261	459	22	491	0.2729	0.0020	0.0244	0.0672	0.1446	547	0.2505	0.0037	0.0219	0.0859	0.1060	5.1648	A
2	A	W	325	13	3	406	0.2389	0.0443	0.0887	0.1034	0.1552	572	0.2657	0.0315	0.1136	0.0857	0.1836	5.2983	A
12	N	W	151	8	5	4633	0.2532	0.0071	0.0790	0.0775	0.1409	359	0.2340	0.0111	0.0585	0.0752	0.1281	*	N
9	N	E	229	453	15	4225	0.2426	0.0031	0.1063	0.0757	0.1221	514	0.2802	0.0000	0.1537	0.1051	0.1304	7.5704	N
7	N	W	682	93	13	1134	0.2460	0.0406	0.0988	0.1358	0.1155	359	0.2228	0.0418	0.1755	0.1337	0.1253	6.5511	N
4	A	W	250	11	1	1030	0.2981	0.0252	0.0942	0.1136	0.1524	526	0.3099	0.0228	0.1464	0.0951	0.1673	6.6201	A
14	N	W	58	141	23	5572	0.2620	0.0170	0.0906	0.1208	0.1271	313	0.2652	0.0288	0.0958	0.1310	0.1374	6.1092	N
1	A	W	157	6	14	0	*	*	*	*	*	540	0.2500	0.0556	0.1019	0.1630	0.1519	5.1475	A
9	A	E	82	170	15	3702	0.2917	0.0189	0.0875	0.0905	0.1659	437	0.2815	0.0206	0.0915	0.1259	0.1419	7.1389	A
5	A	W	1224	115	11	1684	0.2625	0.0309	0.1105	0.1413	0.1140	551	0.2904	0.0417	0.1579	0.1633	0.1561	*	A
24	N	W	523	43	6	13816	0.3043	0.0116	0.1112	0.0933	0.1556	237	0.2194	0.0000	0.1266	0.1055	0.0633	6.6201	N
5	A	E	172	1	4	1021	0.2674	0.0176	0.0823	0.1038	0.1224	236	0.2373	0.0254	0.0890	0.0805	0.1737	5.2470	A
6	A	E	846	84	9	1493	0.2760	0.0154	0.0998	0.1366	0.1266	473	0.3256	0.0127	0.0613	0.1015	0.1290	6.3630	A
5	N	E	117	269	12	45	0.2222	0.0000	0.0000	0.0222	0.1778	309	0.2330	0.0000	0.0841	0.1003	0.1068	4.8675	N
12	A	W	62	90	3	4662	0.2748	0.0092	0.0794	0.0871	0.1276	271	0.2841	0.0185	0.1218	0.1070	0.1292	6.1092	A
5	A	W	167	2	4	1037	0.2392	0.0347	0.0935	0.1418	0.1234	357	0.2689	0.0196	0.1092	0.1261	0.1401	5.7038	A
12	A	E	391	44	4	2580	0.2360	0.0151	0.0709	0.1109	0.0946	216	0.2593	0.0185	0.0694	0.0833	0.1019	5.5215	A
16	N	E	41	118	8	6802	0.2610	0.0440	0.1391	0.1605	0.1357	256	0.2734	0.0508	0.1719	0.1406	0.1641	6.9565	A
3	A	E	286	8	8	186	0.1828	0.0591	0.1613	0.1237	0.1452	466	0.2318	0.0708	0.1545	0.1845	0.1609	5.3706	A
18	A	E	659	53	7	3622	0.2405	0.0179	0.1162	0.0969	0.1093	327	0.2080	0.0398	0.1376	0.0887	0.1284	5.9915	A
7	A	E	866	65	6	1669	0.2780	0.0318	0.0677	0.1336	0.1168	462	0.2576	0.0346	0.0801	0.1407	0.1061	*	A
9	A	E	251	9	4	1990	0.2754	0.0206	0.1146	0.1372	0.1025	341	0.3226	0.0264	0.1349	0.1437	0.1320	6.3279	A
8	A	E	426	4	6	3463	0.2951	0.0217	0.1787	0.0990	0.2114	608	0.2632	0.0461	0.1464	0.1217	0.2138	7.4206	A
20	A	W	0	0	0	9109	0.2645	0.0582	0.1372	0.1758	0.1585	419	0.2411	0.0430	0.2196	0.1384	0.1551	6.1893	A
1	A	W	205	5	4	0	*	*	*	*	*	33	0.1818	0.0000	0.2121	0.1212	0.0606	*	A
5	A	W	0	0	0	1394	0.2339	0.0674	0.0875	0.1714	0.1406	376	0.2181	0.0559	0.0931	0.1596	0.1117	6.0521	A
11	N	E	88	204	16	3481	0.2749	0.0161	0.0701	0.1209	0.1031	486	0.2984	0.0226	0.0823	0.1564	0.1049	6.2146	A
1	N	W	99	3	1	0	*	*	*	*	*	186	0.2366	0.0376	0.0591	0.0860	0.1505	*	N
7	A	W	145	2	2	2114	0.2725	0.0080	0.0733	0.0766	0.1594	307	0.2606	0.0033	0.0945	0.1173	0.1368	*	A
6	A	E	44	0	1	666	0.2372	0.0105	0.1006	0.0856	0.1006	246	0.3089	0.0203	0.0528	0.1585	0.1423	5.5215	A
12	A	E	155	3	2	4929	0.2579	0.0097	0.0897	0.0848	0.1242	205	0.2537	0.0390	0.0829	0.1317	0.1512	5.9915	A
10	A	E	60	176	6	1940	0.2701	0.0165	0.1165	0.1175	0.1263	348	0.2586	0.0316	0.1236	0.1293	0.1437	6.1092	A
9	N	W	367	475	19	2845	0.2671	0.0109	0.0858	0.0844	0.1142	523	0.2581	0.0153	0.0994	0.0841	0.0994	6.6201	N
1	A	E	86	150	15	0	*	*	*	*	*	312	0.2179	0.0064	0.0769	0.0705	0.1026	4.2485	A
7	N	W	155	371	29	2862	0.2666	0.0098	0.0503	0.0863	0.1076	496	0.2399	0.0161	0.0423	0.0665	0.1149	6.7742	N
4	N	E	190	2	9	113	0.1947	0.0000	0.0796	0.0265	0.0708	126	0.2143	0.0238	0.0397	0.0794	0.0635	5.2470	N
6	N	E	181	3	2	686	0.2478	0.0160	0.1618	0.0904	0.1254	275	0.2473	0.0182	0.2218	0.1527	0.1527	5.2523	N
6	N	E	309	492	5	2519	0.2874	0.0238	0.0778	0.1068	0.1691	627	0.2839	0.0223	0.0734	0.1212	0.1085	6.6067	N
4	N	E	203	369	16	695	0.2604	0.0029	0.0576	0.0619	0.0806	394	0.2183	0.0025	0.0914	0.0711	0.0964	5.5215	N
3	N	E	42	94	13	445	0.2539	0.0202	0.0989	0.0652	0.1483	208	0.2740	0.0385	0.0865	0.1202	0.1538	4.9416	N
1	A	W	200	7	6	0	*	*	*	*	*	382	0.2644	0.0419	0.0576	0.1440	0.1309	4.5799	A
12	A	W	0	0	0	4889	0.2569	0.0276	0.1364	0.1233	0.1338	459	0.2462	0.0436	0.1481	0.1242	0.1285	6.6067	A
1	N	W	255	450	17	0	*	*	*	*	*	549	0.2714	0.0128	0.0765	0.0856	0.1330	4.9416	N
10	A	W	135	257	7	2394	0.2523	0.0146	0.0785	0.0944	0.1211	288	0.2188	0.0104	0.0556	0.1146	0.0868	5.8338	A
2	N	W	179	5	3	9	0.3333	0.0000	0.0000	0.0000	0.4444	303	0.2772	0.0132	0.0759	0.1056	0.1155	*	N
13	A	E	352	9	1	6515	0.2849	0.0221	0.0726	0.1199	0.1475	522	0.3123	0.0172	0.1188	0.0881	0.1571	6.9078	A
6	A	W	1236	98	18	1238	0.2383	0.0574	0.0905	0.1519	0.1212	512	0.2285	0.0566	0.0840	0.1719	0.1055	4.6052	A
3	A	W	281	21	3	70	0.2000	0.0000	0.0286	0.0429	0.1000	220	0.3000	0.0227	0.0591	0.1273	0.0909	4.4998	A
4	N	E	1320	166	17	208	0.2163	0.0288	0.1250	0.1394	0.0962	522	0.2682	0.0307	0.1149	0.1475	0.1398	5.2983	N
2	A	W	111	226	11	219	0.2192	0.0274	0.0639	0.0959	0.1005	461	0.2430	0.0390	0.0759	0.1171	0.1171	4.9053	A
2	N	E	320	465	32	250	0.2600	0.0160	0.0760	0.0720	0.1600	581	0.2496	0.0293	0.0361	0.1170	0.1136	5.0434	N
6	A	W	196	354	15	1089	0.2452	0.0073	0.1065	0.0909	0.1249	530	0.3000	0.0057	0.0887	0.0943	0.1547	6.1633	A
18	N	W	1160	53	7	8202	0.2976	0.0305	0.0555	0.1485	0.1317	557	0.2549	0.0377	0.0413	0.1454	0.1041	7.2793	N
4	N	E	229	406	22	272	0.1912	0.0037	0.1250	0.0735	0.0882	439	0.2187	0.0000	0.1481	0.0820	0.1002	5.0106	N
2	A	W	289	407	6	54	0.3704	0.0000	0.1111	0.1111	0.1852	453	0.2274	0.0177	0.1148	0.0728	0.1170	4.6540	A
4	A	W	209	372	17	1188	0.2365	0.0093	0.0875	0.0850	0.1212	528	0.2311	0.0019	0.0966	0.0852	0.1269	5.8579	A
6	N	W	367	432	16	2437	0.2716	0.0053	0.0882	0.0714	0.1350	633	0.3318	0.0095	0.0932	0.0885	0.1438	4.4998	N
2	A	E	247	4	8	12	0.1667	0.0000	0.0000	0.0000	0.0000	16	0.1250	0.0000	0.0000	0.0000	0.0625	*	A
8	A	E	351	442	17	2619	0.2566	0.0168	0.1222	0.1027	0.1382	562	0.3007	0.0302	0.0943	0.1299	0.1566	6.2729	A
8	A	E	106	144	7	2377	0.2444	0.0189	0.0669	0.1157	0.1186	281	0.2705	0.0107	0.0712	0.0890	0.1495	5.8338	A
6	A	W	315	10	6	2172	0.2459	0.0506	0.1234	0.1423	0.1381	593	0.2563	0.0388	0.0894	0.1265	0.1164	6.8459	A
4	A	E	294	445	13	831	0.2828	0.0060	0.0746	0.0866	0.1264	687	0.3100	0.0146	0.0393	0.0946	0.1325	5.8579	A
8	N	W	209	246	3	1529	0.2551	0.0039	0.0942	0.0876	0.1040	368	0.2799	0.0082	0.1467	0.0761	0.1304	5.7889	N
4	N	E	81	147	4	625	0.2400	0.0128	0.0896	0.0944	0.0912	263	0.2662	0.0038	0.1141	0.0875	0.0989	5.5215	N
5	N	W	337	19	4	1722	0.3246	0.0075	0.0819	0.0993	0.1423	642	0.3287	0.0218	0.0810	0.0919	0.1667	6.6067	N
7	N	W	92	5	3	1072	0.2528	0.0224	0.0924	0.1241	0.1017	265	0.2566	0.0302	0.1094	0.1132	0.0981	6.0521	A
17	A	W	166	211	7	7113	0.2659	0.0264	0.1559	0.1234	0.1517	289	0.2180	0.0242	0.1522	0.1419	0.1246	*	A
8	N	E	352	414	9	2603	0.2816	0.0054	0.1099	0.1106	0.1433	559	0.2522	0.0036	0.1306	0.1091	0.0859	6.8298	N
4	A	W	70	144	11	407	0.2629	0.0123	0.0762	0.0885	0.1302	520	0.2308	0.0327	0.0404	0.0846	0.1019	5.2204	A
1	N	W	692	70	8	0	*	*	*	*	*	19	0.2105	0.0526	0.0526	0.1579	0.1053	6.8244	A
7	N	E	131	6	1	649	0.2712	0.0154	0.0786	0.1263	0.1248	205	0.2098	0.0098	0.0976	0.0829	0.1171	5.6583	N
6	A	W	299	13	5	943	0.2216	0.0339	0.0870	0.1166	0.1145	193	0.2435	0.0518	0.1244	0.1503	0.1088	5.5013	A
5	A	E	37	98	9	756	0.2540	0.0106	0.1151	0.1019	0.0913	181	0.2541	0.0055	0.0939	0.0994	0.1050	*	A
17	A	W	178	45	4	3848	0.2817	0.0205	0.0626	0.1219	0.1224	213	0.2864	0.0188	0.0141	0.1033	0.0798	5.4596	A
7	N	E	810	99	18	2362	0.2854	0.0224	0.0512	0.1219	0.1063	510	0.2882	0.0196	0.1039	0.1020	0.1098	7.0475	N
3	N	E	133	371	20	821	0.2667	0.0073	0.0646	0.1242	0.1133	578	0.2388	0.0017	0.0588	0.1021	0.0969	5.0752	N
23	N	W	398	29	7	9578	0.2799	0.0394	0.0940	0.1695	0.1313	200	0.2550	0.0100	0.1250	0.1450	0.0700	*	N
5	A	W	160	290	11	1105	0.2570	0.0109	0.1041	0.0878	0.1357	441	0.2562	0.0113	0.1723	0.1179	0.1723	6.0521	A
10	N	W	65	0	0	3914	0.2831	0.0138	0.0999	0.0892	0.1436	172	0.2442	0.0174	0.0872	0.0814	0.0988	6.8024	N
8	N	E	270	13	6	2792	0.2987	0.0140	0.1400	0.0903	0.1837	580	0.3345	0.0155	0.1345	0.1069	0.1569	*	N
19	N	W	167	18	6	8269	0.2866	0.0288	0.0976	0.1600	0.1250	127	0.2520	0.0315	0.0945	0.1969	0.1102	6.2146	N
4	N	E	133	173	9	1080	0.2648	0.0250	0.1167	0.1083	0.1343	279	0.2473	0.0143	0.1147	0.1111	0.1254	5.6258	N
7	N	E	94	270	16	2551	0.2583	0.0361	0.0764	0.1313	0.1129	480	0.2333	0.0375	0.0917	0.1479	0.1042	6.6201	N
2	N	E	300	12	9	636	0.2673	0.0016	0.0786	0.0629	0.1682	600	0.2317	0.0000	0.1000	0.0483	0.1567	5.0752	N
6	N	E	1182	96	13	2118	0.2677	0.0236	0.1001	0.1265	0.1379	610	0.3049	0.0311	0.1213	0.1607	0.1754	7.1701	N
7	N	E	170	284	3	1908	0.2542	0.0189	0.1095	0.1116	0.1268	360	0.2250	0.0139	0.1028	0.1222	0.1028	6.2634	N
7	N	E	186	290	17	1388	0.2752	0.0036	0.1138	0.0706	0.1477	387	0.3204	0.0026	0.0930	0.0698	0.1731	6.3099	N
5	A	E	121	267	19	2198	0.3508	0.0109	0.1419	0.1142	0.1670	580	0.3569	0.0138	0.1810	0.1224	0.1845	7.3778	A
1	N	W	942	72	11	0	*	*	*	*	*	408	0.2868	0.0270	0.0833	0.1005	0.1618	4.7875	N
1	A	W	1222	139	15	0	*	*	*	*	*	593	0.2901	0.0371	0.0961	0.1686	0.1383	5.1059	A
8	N	E	325	58	6	842	0.2732	0.0154	0.0998	0.1200	0.1021	221	0.2398	0.0090	0.0995	0.1041	0.0950	*	N
5	N	E	325	9	3	2206	0.3078	0.0113	0.0458	0.1192	0.1423	497	0.2555	0.0141	0.0744	0.0966	0.1308	6.5511	N
12	A	E	313	381	20	5019	0.2740	0.0068	0.1556	0.0799	0.1636	492	0.2764	0.0102	0.1911	0.1016	0.1545	6.7742	A
6	A	W	37	113	7	1225	0.2506	0.0033	0.0767	0.0408	0.1273	475	0.2653	0.0063	0.1095	0.0905	0.1284	5.9532	A
8	A	E	1314	131	12	2625	0.2716	0.0335	0.0968	0.1371	0.1467	573	0.2513	0.0157	0.1361	0.1047	0.1483	6.8669	A
11	A	W	408	4	3	4277	0.3009	0.0049	0.0510	0.0732	0.1632	631	0.2694	0.0143	0.0491	0.0697	0.1220	6.9078	A
